100206
100307
100408
101309
101915
102614
103010
103212
103515
106521
106824
107321
107422
108222
109830
110411
110613
111009
111312
111413
111716
112112
112314
112920
114217
114621
115320
116726
117324
118023
118528
118730
118831
118932
119732
121416
122620
122822
123521
124624
125525
126426
127226
127630
128127
128935
129028
129634
130316
130417
130720
130922
131419
132118
133019
133625
133928
134021
134223
134324
134425
135124
135225
135629
137229
137532
137633
138130
138332
139435
140117
141422
141826
143426
144731
144933
145127
145632
146331
146533
146937
147636
148032
148133
149337
150423
151425
151627
151829
152225
154229
154431
154734
155635
156031
156233
156334
156435
157336
157942
158035
159239
159340
160123
162329
162733
162935
164939
165032
165436
167440
167743
168947
169343
169444
169949
171330
172433
173536
173637
173738
173940
175237
175338
176037
176542
176845
177140
177645
177746
178748
178849
178950
179346
180230
181131
182032
182739
182840
185139
185846
188448
188549
189349
190031
191033
191942
192136
192237
192439
192540
193239
193845
194443
194847
196952
197550
198350
198451
198653
198855
199352
200008
200614
201818
204521
205826
206222
206525
209935
210112
211316
211417
211619
211720
211821
211922
212419
214019
214221
214524
214726
217126
217429
219231
221319
227533
231928
237334
239944
249947
257542
257845
257946
281135
285345
286347
290136
293748
300618
308129
309636
314225
321323
329440
333330
334635
336841
341834
350330
356948
358144
361234
361941
379657
380036
381038
381543
385046
390645
391748
395756
397154
414229
415837
422632
424939
436239
436845
441939
448347
480141
481042
486759
497865
499566
510326
513736
516742
517239
525541
552544
553344
561242
580347
620434
622236
645551
654754
663755
704238
705341
715647
727553
734045
748258
751550
753150
761957
769064
789373
792564
827052
835657
865363
870861
887373
894673
917255
917558
933253
959574
969476
987983
990366
992774
