101107
102109
102311
102513
102715
103111
103414
103818
104416
105014
105216
105620
105923
106016
107018
108020
108323
111211
111514
113215
113316
113619
114318
114823
115724
116221
117930
118124
118225
119025
119126
120111
120212
120414
120515
120717
122317
124422
124826
125222
125424
126325
127731
127832
127933
128026
128632
130013
130619
130821
131722
131924
132017
135528
135730
135932
136833
137027
137128
137431
138231
138837
139233
139637
139839
140319
143325
143830
144125
144226
144428
144832
145834
146735
146836
148840
148941
149539
149842
150625
150726
150928
151930
152427
153025
153227
153429
153631
153934
154835
154936
156536
157437
158136
158338
159441
159744
160729
161630
161731
162228
163129
163432
164636
165638
165840
166438
167036
167238
168139
168745
169545
172029
172130
172332
172534
172938
173334
173435
173839
174437
175136
175742
176441
177241
178142
179245
180432
180533
181232
185038
185341
185442
185947
186040
186141
186444
186848
187345
187547
188347
189652
191235
191336
191841
192035
194140
194645
195041
195445
195647
196144
196346
196750
199251
199453
199655
199958
200109
200311
200513
200917
201111
201515
202113
202719
203418
203923
204016
204319
204420
205725
208024
208125
208226
208327
209228
209329
210011
210617
211114
212015
212823
213017
213421
213522
214423
236130
238033
239136
245333
246133
248339
250932
251833
255639
255740
263436
268850
274542
275645
280739
280941
284646
285446
286650
289555
299154
300719
310621
316633
316835
320826
325129
330324
339847
346945
353740
360030
366042
368551
371843
376247
377451
385450
386250
387959
392750
394956
395251
401422
406432
406836
413934
421226
429040
432332
456346
459453
461743
463040
469961
479762
481951
485757
500222
510225
541943
568963
570243
572045
579665
583858
586460
614439
617748
618952
626648
644246
654350
668361
673455
680452
744553
751348
759869
765056
770352
788674
896879
901139
904044
905147
912447
951457
992673
996782
