146634 
150524 
151021 
155231 
159845 
164030 
164131 
164636 
164939 
165032 
165436 
165638 
166438 
167238 
167440 
167743 
168139 
168341 
168745 
169141 
169545 
169747 
169949 
170631 
170934 
171128 
171431 
171633 
171734 
172029 
172130 
172433 
172635 
172938 
173233 
173334 
173435 
173536 
173738 
174841 
175136 
175237 
175338 
175439 
175540 
176037 
176441 
176744 
176845 
177140 
177241 
177342 
178142 
178243 
178849 
178950 
180129 
180230 
180533 
180735 
180836 
180937 
181131 
181232 
182032 
182840 
183034 
183741 
185038 
185341 
185442 
185846 
185947 
186040 
186444 
186848 
186949 
187143 
192136 
201818 
202719 
210617 
211114 
211215 
211316 
211417 
211619 
211720 
211821 
212116 
212217 
212318 
212419 
212823 
213017 
213421 
213522 
214423 
214524 
214625 
219231 
220721 
224022 
227432 
227533 
231928 
233326 
236130 
237334 
238033 
239136 
248238 
248339 
251833 
255740 
256540 
257542 
257946 
268749 
268850 
270332 
274542 
280739 
280941 
281135 
283543 
284646 
285345 
286347 
286650 
287248 
289555 
290136 
293748 
297655 
299154 
299760 
300618 
300719 
303119 
303624 
304020 
304727 
305830 
307127 
309636 
314225 
318637 
320826 
321323 
322224 
325129 
329440 
329844 
330324 
143224 
143426 
144125 
144428 
144731 
144832 
144933 
145127 
145632 
145834 
146432 
146533 
146634 
146836 
147636 
147737 
148133 
148335 
148436 
148840 
149236 
149337 
149741 
150423 
150524 
150726 
150928 
151021 
151223 
151425 
151829 
151930 
152225 
152831 
153126 
153631 
153934 
154229 
154431 
154532 
154734 
154835 
154936 
155231 
155635 
155938 
156031 
156536 
157437 
157942 
158136 
158338 
158540 
158843 
159138 
159340 
159744 
159845 
159946 
160123 
160729 
161630 
161731 
161832 
162026 
162228 
162329 
162733 
162935 
163129 
192136 
201818 
202719 
334635 
339847 
346945 
348545 
349244 
352738 
353740 
356948 
361234 
365343 
366042 
368551 
368753 
376247 
377451 
378756 
378857 
379657 
380036 
385450 
386250 
389357 
390645 
391748 
393247 
394956 
395251 
395756 
395958 
397154 
397760 
401422 
406432 
412528 
413934 
414229 
415837 
419239 
421226 
433839 
445543 
448347 
449753 
456346 
459453 
461743 
463040 
465852 
467351 
469961 
475855 
479762 
480141 
486759 
495255 
497865 
499566 
500222 
506234 
510225 
513130 
516742 
517239 
518746 
120717 
121416 
121618 
121921 
122317 
122418 
122620 
122822 
123117 
123521 
123723 
123824 
124624 
125222 
125424 
126325 
126426 
126628 
127226 
127327 
127630 
127832 
127933 
128026 
128127 
128329 
128632 
128935 
129331 
130013 
130316 
130417 
130518 
130720 
130821 
131217 
131419 
131722 
131823 
132017 
133019 
133625 
134223 
134425 
134627 
134829 
135124 
135730 
136126 
136227 
136631 
137027 
137229 
137431 
137532 
137633 
137936 
138332 
138534 
139233 
139435 
140319 
140420 
141422 
141826 
187345 
187547 
187850 
188145 
188347 
188448 
188549 
189349 
189450 
189652 
190031 
191235 
191336 
191942 
192035 
192136 
192439 
192540 
192641 
193845 
194140 
194443 
194847 
195041 
195445 
195849 
195950 
196144 
196346 
196750 
197348 
197651 
198047 
198350 
198855 
199352 
199958 
200008 
200210 
200614 
200917 
201111 
201414 
201515 
201818 
202719 
202820 
203418 
203923 
204016 
204218 
204319 
204420 
204521 
204622 
205119 
206222 
206727 
206828 
206929 
207426 
208024 
208125 
208327 
208630 
209228 
209329 
209531 
209935 
210112 
100206 
101006 
101107 
101309 
101410 
102008 
102109 
102311 
102513 
102614 
102715 
103010 
103111 
103212 
103515 
103818 
104012 
104416 
104820 
105014 
105115 
105620 
105923 
106016 
106319 
106521 
106824 
107018 
107321 
107422 
108020 
108222 
108525 
108828 
109123 
109325 
109830 
110007 
110613 
111009 
111211 
111413 
112112 
112819 
112920 
113316 
113417 
113821 
113922 
114116 
114217 
114419 
114621 
114823 
115017 
115320 
115825 
116120 
116221 
116423 
116726 
117021 
117930 
118124 
118225 
118528 
118831 
119025 
119126 
119833 
120010 
